3.680000000000000000e+02
9.120000000000000000e+02
7.080000000000000000e+03
2.920000000000000000e+02
7.898800000000000000e+04
1.121000000000000000e+03
2.480000000000000000e+03
1.810000000000000000e+02
1.291700000000000000e+04
2.010000000000000000e+02
4.735000000000000000e+03
1.390000000000000000e+02
1.011000000000000000e+03
1.518000000000000000e+03
1.010000000000000000e+02
2.340000000000000000e+02
2.020000000000000000e+03
1.170000000000000000e+02
2.250000000000000000e+02
1.320000000000000000e+02
2.230000000000000000e+02
3.100000000000000000e+02
8.070000000000000000e+02
4.850000000000000000e+02
1.529000000000000000e+03
8.007000000000000000e+03
7.090000000000000000e+02
2.980000000000000000e+02
3.380000000000000000e+02
1.360000000000000000e+02
3.580000000000000000e+02
2.840000000000000000e+02
9.300000000000000000e+01
1.300000000000000000e+02
7.100000000000000000e+01
1.100000000000000000e+02
7.200000000000000000e+01
3.130000000000000000e+02
2.350000000000000000e+02
4.120000000000000000e+02
4.970000000000000000e+02
9.100000000000000000e+01
4.496000000000000000e+03
2.180000000000000000e+03
2.560000000000000000e+02
4.090000000000000000e+02
8.100000000000000000e+01
1.002000000000000000e+03
4.780000000000000000e+02
1.284000000000000000e+03
9.400000000000000000e+01
3.120000000000000000e+02
2.210000000000000000e+02
7.100000000000000000e+01
2.126000000000000000e+03
2.481000000000000000e+03
5.400000000000000000e+02
2.364000000000000000e+03
8.000000000000000000e+01
1.044000000000000000e+03
1.360000000000000000e+02
3.120000000000000000e+02
5.659000000000000000e+03
2.500000000000000000e+02
7.460000000000000000e+02
2.012000000000000000e+03
2.060000000000000000e+02
1.160000000000000000e+02
2.900000000000000000e+02
1.640000000000000000e+02
9.400000000000000000e+01
7.150000000000000000e+02
4.180000000000000000e+02
1.916000000000000000e+03
8.000000000000000000e+01
2.420000000000000000e+02
2.430000000000000000e+02
1.378000000000000000e+03
1.930000000000000000e+02
1.900000000000000000e+02
1.440000000000000000e+02
6.350000000000000000e+02
8.000000000000000000e+01
4.110000000000000000e+02
2.623000000000000000e+03
2.590000000000000000e+02
1.076000000000000000e+03
1.490000000000000000e+02
7.860000000000000000e+02
1.350000000000000000e+02
2.088000000000000000e+03
4.840000000000000000e+02
9.170000000000000000e+02
2.580000000000000000e+02
6.280000000000000000e+02
8.400000000000000000e+01
8.240000000000000000e+02
2.780000000000000000e+02
1.017000000000000000e+03
7.200000000000000000e+01
3.680000000000000000e+02
3.285000000000000000e+03
3.550000000000000000e+03
1.161900000000000000e+04
1.190000000000000000e+02
3.880000000000000000e+02
2.760000000000000000e+02
8.900000000000000000e+01
2.823900000000000000e+04
1.220000000000000000e+02
1.350000000000000000e+02
3.120000000000000000e+02
3.150000000000000000e+02
5.860000000000000000e+02
3.310000000000000000e+02
1.100000000000000000e+02
1.008000000000000000e+03
8.500000000000000000e+02
2.470000000000000000e+02
4.180000000000000000e+02
6.710000000000000000e+02
2.230000000000000000e+02
1.009000000000000000e+03
1.000000000000000000e+02
9.890000000000000000e+02
3.730000000000000000e+02
1.087000000000000000e+03
1.900000000000000000e+02
3.870000000000000000e+02
1.470000000000000000e+02
6.314000000000000000e+03
7.100000000000000000e+01
2.000000000000000000e+02
2.300000000000000000e+02
1.970000000000000000e+02
1.490000000000000000e+02
7.400000000000000000e+01
3.120000000000000000e+02
1.280000000000000000e+02
1.195000000000000000e+03
2.320000000000000000e+02
7.700000000000000000e+01
3.420000000000000000e+02
1.037000000000000000e+03
1.370000000000000000e+03
1.968000000000000000e+03
1.170000000000000000e+02
6.518000000000000000e+03
6.325000000000000000e+03
4.490000000000000000e+02
8.900000000000000000e+01
1.650000000000000000e+03
2.770000000000000000e+02
9.600000000000000000e+01
1.150000000000000000e+02
7.456100000000000000e+04
9.200000000000000000e+03
4.790000000000000000e+02
7.015000000000000000e+03
6.660000000000000000e+02
4.472300000000000000e+04
1.370000000000000000e+02
7.300000000000000000e+01
3.640000000000000000e+02
1.260000000000000000e+02
2.590000000000000000e+02
1.810000000000000000e+02
7.440000000000000000e+02
9.100000000000000000e+01
2.242000000000000000e+03
3.140000000000000000e+02
7.060000000000000000e+02
2.210000000000000000e+02
1.060000000000000000e+02
1.155000000000000000e+03
2.423000000000000000e+03
8.600000000000000000e+01
1.562000000000000000e+03
1.840000000000000000e+02
1.260000000000000000e+02
1.090000000000000000e+02
7.100000000000000000e+01
4.288000000000000000e+03
2.131500000000000000e+04
2.840000000000000000e+02
8.140000000000000000e+02
3.010000000000000000e+02
2.222000000000000000e+03
1.800000000000000000e+02
1.192000000000000000e+04
5.110000000000000000e+02
1.240000000000000000e+02
2.700000000000000000e+02
4.720000000000000000e+02
6.520000000000000000e+02
3.310000000000000000e+02
6.370700000000000000e+04
2.290000000000000000e+03
4.960000000000000000e+02
5.160000000000000000e+02
8.706000000000000000e+03
2.638400000000000000e+04
3.396300000000000000e+04
1.613000000000000000e+03
2.570000000000000000e+02
7.200000000000000000e+01
4.250000000000000000e+02
6.553000000000000000e+04
7.930000000000000000e+02
5.620000000000000000e+02
4.510000000000000000e+02
3.479000000000000000e+03
4.580000000000000000e+02
1.072600000000000000e+04
3.820000000000000000e+02
1.166200000000000000e+04
5.730000000000000000e+02
1.680000000000000000e+02
6.680000000000000000e+02
2.345000000000000000e+03
4.030000000000000000e+02
8.200000000000000000e+01
1.880000000000000000e+02
1.360000000000000000e+02
3.022000000000000000e+03
4.430000000000000000e+02
1.830000000000000000e+02
1.670000000000000000e+02
1.730000000000000000e+02
2.142000000000000000e+03
6.730000000000000000e+02
6.110000000000000000e+02
8.400000000000000000e+01
3.194700000000000000e+04
3.110000000000000000e+02
1.220000000000000000e+02
1.047400000000000000e+04
3.210000000000000000e+02
6.295200000000000000e+04
7.950000000000000000e+02
1.050000000000000000e+02
1.220000000000000000e+02
6.324000000000000000e+03
4.537000000000000000e+03
4.320000000000000000e+02
1.687000000000000000e+03
1.582500000000000000e+04
8.620000000000000000e+02
4.730000000000000000e+02
3.130000000000000000e+03
3.808000000000000000e+03
9.750000000000000000e+02
3.500000000000000000e+02
2.190000000000000000e+02
2.920000000000000000e+02
1.340000000000000000e+02
1.250000000000000000e+02
1.150000000000000000e+02
1.010000000000000000e+02
1.660000000000000000e+02
3.400000000000000000e+02
8.640000000000000000e+02
2.300000000000000000e+02
2.390000000000000000e+02
1.250000000000000000e+02
7.210000000000000000e+02
4.496000000000000000e+03
2.034000000000000000e+03
3.800000000000000000e+02
5.150000000000000000e+02
1.850000000000000000e+02
3.380000000000000000e+02
2.170000000000000000e+02
7.500000000000000000e+01
1.420000000000000000e+02
1.423000000000000000e+03
9.730000000000000000e+02
5.290000000000000000e+02
3.670000000000000000e+02
1.830000000000000000e+02
9.827000000000000000e+03
5.169000000000000000e+03
1.740000000000000000e+02
2.740000000000000000e+02
5.560000000000000000e+03
2.021000000000000000e+03
1.510000000000000000e+02
1.500000000000000000e+02
4.630000000000000000e+02
3.840000000000000000e+02
1.450000000000000000e+02
1.080000000000000000e+02
1.690000000000000000e+02
1.730000000000000000e+02
2.340000000000000000e+02
2.688000000000000000e+03
9.100000000000000000e+01
1.406000000000000000e+03
2.471000000000000000e+03
1.820000000000000000e+02
8.400000000000000000e+01
7.800000000000000000e+02
1.680000000000000000e+03
1.090000000000000000e+02
6.190000000000000000e+02
7.200000000000000000e+01
1.550000000000000000e+02
1.840000000000000000e+02
9.800000000000000000e+02
2.110000000000000000e+03
7.472000000000000000e+03
2.900000000000000000e+02
4.570000000000000000e+02
7.660000000000000000e+02
8.000000000000000000e+01
2.450000000000000000e+02
1.600000000000000000e+02
2.290000000000000000e+02
8.900000000000000000e+01
1.268000000000000000e+03
2.960000000000000000e+02
8.800000000000000000e+01
3.520000000000000000e+02
5.570000000000000000e+02
2.240000000000000000e+02
5.266000000000000000e+03
3.800000000000000000e+03
2.430000000000000000e+02
1.960000000000000000e+02
2.140000000000000000e+02
4.610000000000000000e+02
2.050000000000000000e+02
1.080000000000000000e+02
2.044000000000000000e+03
6.020000000000000000e+02
3.170000000000000000e+02
5.520000000000000000e+02
2.150000000000000000e+02
8.980000000000000000e+02
7.100000000000000000e+01
4.133400000000000000e+04
2.860000000000000000e+02
7.800000000000000000e+01
6.959000000000000000e+03
8.900000000000000000e+01
7.800000000000000000e+01
2.205000000000000000e+03
4.380000000000000000e+02
3.480000000000000000e+02
2.217000000000000000e+03
1.510000000000000000e+02
1.311000000000000000e+03
1.410000000000000000e+02
1.093000000000000000e+03
1.540000000000000000e+02
1.670000000000000000e+02
5.310000000000000000e+02
2.111000000000000000e+03
2.248000000000000000e+03
8.100000000000000000e+01
3.280000000000000000e+02
7.400000000000000000e+01
1.640300000000000000e+04
9.990000000000000000e+02
1.240000000000000000e+02
2.174000000000000000e+03
8.600000000000000000e+01
1.003000000000000000e+03
3.798000000000000000e+03
1.830600000000000000e+04
2.250000000000000000e+02
4.604000000000000000e+03
6.030000000000000000e+02
2.640000000000000000e+02
2.102000000000000000e+03
1.560000000000000000e+02
1.750000000000000000e+02
4.105000000000000000e+03
2.130000000000000000e+02
2.190000000000000000e+02
7.900000000000000000e+01
3.139000000000000000e+03
5.971000000000000000e+03
7.200000000000000000e+02
3.600000000000000000e+02
5.510000000000000000e+02
2.190000000000000000e+02
1.496000000000000000e+03
7.000000000000000000e+01
2.340000000000000000e+02
1.000000000000000000e+02
2.060000000000000000e+02
7.100000000000000000e+01
1.100000000000000000e+02
2.360000000000000000e+02
1.150000000000000000e+02
1.510000000000000000e+02
5.045000000000000000e+03
1.700000000000000000e+02
2.030000000000000000e+02
8.990000000000000000e+02
3.103000000000000000e+03
1.380000000000000000e+02
7.100000000000000000e+01
1.170000000000000000e+02
8.851400000000000000e+04
2.110000000000000000e+02
1.290000000000000000e+02
2.812000000000000000e+03
9.960000000000000000e+02
3.750000000000000000e+02
2.227500000000000000e+04
1.309000000000000000e+03
8.300000000000000000e+01
1.294000000000000000e+03
1.317000000000000000e+03
8.800000000000000000e+01
1.220000000000000000e+02
9.200000000000000000e+01
9.900000000000000000e+01
2.868600000000000000e+04
1.170000000000000000e+02
1.200000000000000000e+02
1.468000000000000000e+03
2.100000000000000000e+02
9.300000000000000000e+02
4.830000000000000000e+02
1.610000000000000000e+02
8.000000000000000000e+01
4.610000000000000000e+02
9.400000000000000000e+02
3.333000000000000000e+03
1.250000000000000000e+02
6.730000000000000000e+02
2.840000000000000000e+02
1.150000000000000000e+02
1.246000000000000000e+03
2.430000000000000000e+02
6.260000000000000000e+02
7.200000000000000000e+01
1.660000000000000000e+02
1.051000000000000000e+03
9.100000000000000000e+01
1.190000000000000000e+02
1.280000000000000000e+02
7.000000000000000000e+01
7.500000000000000000e+01
1.100000000000000000e+02
2.600000000000000000e+02
9.300000000000000000e+01
8.900000000000000000e+01
3.780000000000000000e+02
2.680000000000000000e+02
1.190000000000000000e+02
8.310000000000000000e+02
4.090000000000000000e+02
1.650000000000000000e+02
2.435000000000000000e+03
1.868000000000000000e+03
1.282000000000000000e+03
3.160000000000000000e+03
3.000000000000000000e+02
9.380000000000000000e+02
1.580000000000000000e+02
8.000000000000000000e+01
3.010000000000000000e+02
2.216000000000000000e+03
2.140000000000000000e+02
1.860000000000000000e+02
5.331000000000000000e+03
1.233000000000000000e+03
1.465000000000000000e+03
3.204000000000000000e+03
1.390000000000000000e+02
1.506400000000000000e+04
9.500000000000000000e+01
1.191000000000000000e+03
3.160000000000000000e+02
7.600000000000000000e+01
2.472000000000000000e+03
6.120000000000000000e+02
2.118000000000000000e+03
7.100000000000000000e+01
1.180000000000000000e+03
2.108000000000000000e+03
1.220000000000000000e+02
3.540000000000000000e+02
7.460000000000000000e+02
8.900000000000000000e+01
1.150000000000000000e+02
9.700000000000000000e+01
8.200000000000000000e+01
8.200000000000000000e+01
2.430000000000000000e+02
9.060000000000000000e+02
2.380000000000000000e+02
1.200000000000000000e+02
6.340000000000000000e+02
5.730000000000000000e+02
8.900000000000000000e+01
2.784000000000000000e+03
9.380000000000000000e+02
1.093000000000000000e+03
4.874000000000000000e+03
1.890000000000000000e+02
5.660000000000000000e+02
1.230000000000000000e+02
4.900000000000000000e+02
4.464800000000000000e+04
4.210000000000000000e+02
6.680000000000000000e+02
1.861000000000000000e+03
8.600000000000000000e+01
2.580000000000000000e+02
2.340000000000000000e+02
7.400000000000000000e+02
1.153000000000000000e+03
5.880000000000000000e+02
7.100000000000000000e+01
2.870000000000000000e+02
2.128600000000000000e+04
1.550000000000000000e+02
5.495000000000000000e+04
1.920000000000000000e+02
5.593000000000000000e+03
1.280000000000000000e+02
7.400000000000000000e+01
6.850000000000000000e+02
5.230000000000000000e+02
2.350000000000000000e+02
1.760000000000000000e+02
2.881000000000000000e+03
4.090000000000000000e+02
1.010000000000000000e+02
5.502000000000000000e+03
3.310000000000000000e+02
2.593000000000000000e+03
1.090000000000000000e+02
4.570000000000000000e+02
1.450000000000000000e+02
3.120000000000000000e+02
8.400000000000000000e+01
1.580000000000000000e+02
5.130000000000000000e+02
2.220000000000000000e+02
1.850000000000000000e+02
2.047000000000000000e+03
5.025000000000000000e+03
2.068000000000000000e+03
8.240000000000000000e+02
1.447000000000000000e+03
1.349000000000000000e+03
5.880000000000000000e+02
2.179000000000000000e+03
2.509000000000000000e+03
1.453000000000000000e+03
2.333000000000000000e+03
3.190000000000000000e+02
2.880000000000000000e+02
2.474800000000000000e+04
4.530000000000000000e+02
1.191000000000000000e+03
7.100000000000000000e+01
3.180000000000000000e+02
6.846000000000000000e+03
8.400000000000000000e+01
5.240000000000000000e+02
3.510000000000000000e+02
2.240000000000000000e+02
1.690000000000000000e+02
1.730000000000000000e+02
1.860000000000000000e+02
8.100000000000000000e+01
1.020000000000000000e+02
1.020000000000000000e+02
1.030000000000000000e+02
1.150000000000000000e+02
3.090000000000000000e+02
8.500000000000000000e+01
6.370000000000000000e+02
1.207400000000000000e+04
8.100000000000000000e+01
7.700000000000000000e+01
5.620000000000000000e+02
6.540000000000000000e+02
1.664000000000000000e+03
3.640000000000000000e+02
2.922000000000000000e+03
5.782500000000000000e+04
6.280000000000000000e+02
1.700000000000000000e+02
1.166000000000000000e+03
1.253000000000000000e+03
9.400000000000000000e+01
3.450000000000000000e+02
2.650000000000000000e+02
1.160000000000000000e+02
2.050000000000000000e+02
1.608000000000000000e+04
3.030000000000000000e+02
1.160000000000000000e+02
6.000000000000000000e+02
1.246000000000000000e+03
2.328000000000000000e+03
3.020000000000000000e+02
7.600000000000000000e+01
4.790000000000000000e+02
4.760000000000000000e+02
2.790000000000000000e+02
4.269000000000000000e+03
1.270000000000000000e+02
1.302000000000000000e+03
1.594000000000000000e+03
2.610000000000000000e+02
3.660000000000000000e+02
3.510000000000000000e+02
4.150000000000000000e+02
1.440000000000000000e+02
9.300000000000000000e+01
7.300000000000000000e+01
1.060000000000000000e+02
1.100000000000000000e+02
8.100000000000000000e+01
3.360000000000000000e+02
4.280000000000000000e+02
2.860000000000000000e+02
2.221300000000000000e+04
3.520000000000000000e+02
6.410000000000000000e+02
4.280000000000000000e+02
2.880000000000000000e+02
8.644000000000000000e+03
9.130000000000000000e+02
8.600000000000000000e+01
6.313000000000000000e+03
3.310000000000000000e+02
5.320000000000000000e+02
6.840000000000000000e+02
7.700000000000000000e+01
1.200000000000000000e+02
3.991000000000000000e+03
1.060000000000000000e+02
1.320000000000000000e+02
1.770000000000000000e+02
7.400000000000000000e+01
7.700000000000000000e+01
1.043000000000000000e+03
1.051000000000000000e+03
9.300000000000000000e+01
1.180000000000000000e+02
1.374200000000000000e+04
6.834300000000000000e+04
4.360000000000000000e+02
2.068800000000000000e+04
1.480000000000000000e+02
1.098000000000000000e+03
7.890000000000000000e+02
1.020000000000000000e+02
5.158000000000000000e+03
1.104000000000000000e+03
3.630000000000000000e+02
1.962000000000000000e+03
3.970000000000000000e+02
2.440000000000000000e+02
8.270000000000000000e+02
1.069400000000000000e+04
3.632000000000000000e+03
1.440000000000000000e+02
4.530000000000000000e+02
1.670000000000000000e+02
1.190000000000000000e+02
4.800000000000000000e+02
7.800000000000000000e+01
6.680000000000000000e+02
2.760000000000000000e+02
5.864000000000000000e+03
2.410000000000000000e+02
3.050000000000000000e+02
8.680000000000000000e+02
7.900000000000000000e+01
1.050000000000000000e+02
5.980000000000000000e+02
1.852000000000000000e+03
5.436000000000000000e+03
2.370000000000000000e+02
5.445000000000000000e+03
1.450000000000000000e+02
1.600000000000000000e+02
3.520000000000000000e+02
1.880000000000000000e+02
1.760000000000000000e+02
2.160000000000000000e+02
1.180000000000000000e+02
7.260000000000000000e+02
1.560000000000000000e+02
3.360000000000000000e+02
5.156000000000000000e+03
3.730000000000000000e+02
1.280000000000000000e+02
8.218000000000000000e+03
2.370000000000000000e+02
2.962000000000000000e+03
3.470000000000000000e+02
2.150000000000000000e+02
1.150000000000000000e+02
2.465000000000000000e+03
3.001100000000000000e+04
1.300000000000000000e+02
1.230000000000000000e+02
6.487000000000000000e+03
1.311000000000000000e+03
5.370000000000000000e+02
7.800000000000000000e+01
9.000000000000000000e+01
7.241000000000000000e+03
2.091000000000000000e+03
9.040000000000000000e+02
3.280000000000000000e+02
7.900000000000000000e+01
2.531000000000000000e+03
1.490000000000000000e+02
4.306000000000000000e+03
1.320000000000000000e+02
1.120000000000000000e+02
1.430000000000000000e+02
2.030000000000000000e+02
2.040000000000000000e+02
6.053000000000000000e+03
1.579600000000000000e+04
2.500000000000000000e+02
1.960000000000000000e+02
2.573000000000000000e+03
1.802000000000000000e+03
4.790000000000000000e+02
7.400000000000000000e+01
7.260000000000000000e+02
4.810000000000000000e+02
6.600000000000000000e+02
1.093000000000000000e+03
6.522000000000000000e+03
1.155000000000000000e+03
8.500000000000000000e+01
8.500000000000000000e+02
4.329500000000000000e+04
3.090000000000000000e+03
1.585000000000000000e+03
7.600000000000000000e+01
1.170000000000000000e+02
6.690000000000000000e+02
1.177000000000000000e+03
3.156000000000000000e+03
4.510000000000000000e+02
1.559000000000000000e+03
1.300000000000000000e+02
1.360000000000000000e+02
1.840000000000000000e+02
5.140000000000000000e+02
1.750000000000000000e+02
1.640000000000000000e+02
3.820000000000000000e+02
6.940000000000000000e+02
1.549000000000000000e+03
3.150000000000000000e+02
3.570000000000000000e+02
1.536000000000000000e+03
4.400000000000000000e+02
8.590000000000000000e+02
1.370000000000000000e+02
1.860000000000000000e+02
1.350000000000000000e+02
7.250000000000000000e+03
1.280000000000000000e+02
9.400000000000000000e+01
1.150000000000000000e+02
1.430000000000000000e+02
1.042000000000000000e+03
7.900000000000000000e+01
2.920000000000000000e+02
3.550000000000000000e+02
7.400000000000000000e+01
1.400000000000000000e+02
8.520000000000000000e+02
7.100000000000000000e+01
7.110000000000000000e+02
4.950000000000000000e+02
1.730000000000000000e+02
4.191000000000000000e+03
1.457000000000000000e+03
8.200000000000000000e+01
4.070000000000000000e+02
4.730000000000000000e+02
7.000000000000000000e+01
1.020000000000000000e+02
3.600000000000000000e+02
3.413000000000000000e+03
1.180000000000000000e+02
2.200000000000000000e+02
1.710000000000000000e+02
1.030000000000000000e+02
9.900000000000000000e+01
8.350000000000000000e+02
1.060000000000000000e+02
2.077000000000000000e+03
1.770000000000000000e+02
1.360000000000000000e+02
1.620000000000000000e+02
6.930000000000000000e+02
1.262000000000000000e+03
3.030000000000000000e+02
1.840000000000000000e+02
8.200000000000000000e+01
2.060000000000000000e+02
9.500000000000000000e+01
4.240000000000000000e+02
3.870000000000000000e+02
2.050000000000000000e+02
2.540000000000000000e+02
2.490000000000000000e+02
1.190000000000000000e+02
1.260000000000000000e+02
2.030000000000000000e+02
2.800000000000000000e+02
2.160000000000000000e+02
1.388000000000000000e+03
1.092500000000000000e+04
1.120000000000000000e+02
4.760000000000000000e+02
1.180000000000000000e+03
3.270000000000000000e+02
1.982000000000000000e+03
8.700000000000000000e+01
6.057200000000000000e+04
2.302000000000000000e+03
2.169000000000000000e+03
1.170000000000000000e+02
5.150000000000000000e+02
1.410000000000000000e+02
4.030000000000000000e+02
1.970000000000000000e+02
1.056000000000000000e+03
8.300000000000000000e+01
2.170000000000000000e+02
1.060000000000000000e+02
4.460000000000000000e+02
1.440000000000000000e+02
1.640000000000000000e+02
1.010000000000000000e+02
1.600000000000000000e+02
2.830000000000000000e+02
4.130000000000000000e+02
8.030000000000000000e+02
1.980000000000000000e+02
2.309000000000000000e+03
8.200000000000000000e+01
5.950000000000000000e+02
6.722000000000000000e+03
5.320000000000000000e+02
8.190000000000000000e+02
3.976000000000000000e+03
1.230000000000000000e+02
9.700000000000000000e+01
1.790000000000000000e+02
7.900000000000000000e+01
1.920000000000000000e+02
8.800000000000000000e+01
1.020000000000000000e+02
9.800000000000000000e+01
5.390000000000000000e+02
7.000000000000000000e+01
2.210000000000000000e+02
1.700000000000000000e+02
7.920000000000000000e+02
1.050000000000000000e+02
1.941000000000000000e+03
3.680000000000000000e+02
1.000000000000000000e+02
1.380000000000000000e+02
4.020000000000000000e+02
4.630000000000000000e+02
2.383300000000000000e+04
1.160000000000000000e+02
3.080000000000000000e+02
8.400000000000000000e+01
2.450000000000000000e+02
1.270000000000000000e+02
2.960000000000000000e+02
9.180000000000000000e+02
3.130000000000000000e+02
2.180000000000000000e+02
1.160000000000000000e+02
1.190000000000000000e+02
3.590000000000000000e+02
1.990000000000000000e+02
1.770000000000000000e+02
8.400000000000000000e+01
1.914000000000000000e+03
3.393000000000000000e+03
1.130000000000000000e+02
1.140000000000000000e+02
2.840000000000000000e+02
1.110000000000000000e+02
6.067400000000000000e+04
3.800000000000000000e+02
1.865000000000000000e+03
1.592000000000000000e+03
1.326000000000000000e+03
1.220000000000000000e+02
8.000000000000000000e+01
1.010000000000000000e+02
2.940000000000000000e+02
1.000000000000000000e+02
2.200000000000000000e+02
1.308000000000000000e+03
1.963500000000000000e+04
4.005000000000000000e+03
5.710000000000000000e+02
1.190000000000000000e+02
1.650000000000000000e+02
1.523000000000000000e+03
1.250000000000000000e+02
3.890000000000000000e+02
2.480000000000000000e+02
2.285200000000000000e+04
2.330000000000000000e+02
2.140000000000000000e+02
4.720000000000000000e+02
1.295000000000000000e+03
1.073000000000000000e+03
1.310000000000000000e+02
5.723000000000000000e+03
7.836000000000000000e+03
5.070000000000000000e+03
5.555000000000000000e+03
2.953000000000000000e+03
9.400000000000000000e+01
1.800000000000000000e+03
4.210000000000000000e+02
1.180000000000000000e+02
7.980000000000000000e+02
8.870000000000000000e+02
2.250000000000000000e+02
3.660000000000000000e+02
5.500000000000000000e+02
9.600000000000000000e+01
3.890000000000000000e+02
4.300000000000000000e+02
3.730000000000000000e+02
2.630000000000000000e+02
3.170000000000000000e+02
5.340000000000000000e+02
1.090000000000000000e+02
2.730000000000000000e+02
1.450000000000000000e+02
2.670000000000000000e+02
4.270000000000000000e+02
2.700000000000000000e+02
7.000000000000000000e+01
1.420000000000000000e+02
7.000000000000000000e+01
1.020000000000000000e+02
